13014140909
13016557301
13024870734
13039629478
13045797232
13047376216
13050070133
13051812493
13071020789
13072642902
13074702515
13074719243
13075974774
13078086819
13078144042
13088095650
13101386591
13103784359
13106085158
13118674828
13122461547
13126877417
13133198158
13136579119
13144543094
13150165608
13154169926
13156758984
13166420462
13177112893
13186994875
13188037279
13189680779
13192973863
13195662450
13201499371
13213447166
13220295246
13225283852
13226353637
13240530907
13240996109
13243116216
13243142312
13246481870
13252653591
13263026177
13264824042
13271829925
13278192280
13285273012
13285978960
13286040254
13286061450
13296190790
13301962178
13302478821
13303312824
13308321530
13320945304
13322537843
13327190578
13328762565
13339265242
13350152921
13354226500
13354965406
13355829386
13359097164
13374436137
13390763953
13401762964
13410414014
13411897001
13423324355
13428035068
13429532200
13431379298
13437703510
13442278667
13454525563
13457576614
13461358273
13466162187
13475346610
13491835415
13495627005
13499235452
13500163887
13500910541
13504404297
13509191046
13521638778
13534296977
13535706497
13537638247
13543616601
13545356998
13550747452
13552729509
13563597535
13565041145
13566499682
13576053142
13579444341
13579469488
13582364389
13584536027
13591972872
13595664619
13597659430
13600615525
13603946294
13627219292
13634831725
13640088038
13647740545
13652312491
13652447973
13654898311
13656009897
13665984364
13684645994
13689012733
13692046796
13710742001
13712856250
13720715853
13724462853
13736949615
13753371287
13754572039
13764240429
13765700973
13768643742
13769694087
13774421889
13775017166
13775620969
13779323971
13785146813
13796126173
13800680398
13815213267
13819145773
13822812463
13825692438
13827337021
13836001770
13838716149
13840238042
13842406447
13843176729
13851434539
13857026811
13858673499
13858915606
13861759799
13864046470
13864732438
13871813163
13877560604
13879428316
13879864727
13881679629
13902558447
13914003844
13921156970
13928148354
13938416869
13939295585
13943165424
13950483355
13956800223
13963422643
13965465954
13973577121
13976594558
13977244682
13992269691
13993868541
13994359481
13999911078
14057424209
14123351721
14146099854
14148738016
14155762882
14168771375
14204917509
14244089984
14248724481
14269043053
14286810708
14302725676
14334086723
14346632341
14390663759
14392961899
14428919842
14465073621
14491545712
14525569433
14536970469
14554660533
14573474541
14580483095
14636778490
14661998268
14766782505
14772092966
14792402332
14796433533
14845328266
14912123513
14937141141
14958346531
14959312587
15012424543
15039236144
15071033713
15130063654
15198501960
15203071541
15242026061
15309734647
15356120484
15417361649
15463200903
15480403166
15483345472
15504918691
15534104630
15559577321
15610188318
15612594773
15620025971
15644488515
15690604330
15707632039
15717348346
15733745335
15762592405
15775482596
15776322805
15789694809
15793200347
15811348853
15836093325
15841638076
15841931199
15996420437
17000013200
17031426760
17092565337
17152417914
17161137341
17211610452
17229078857
17240285392
17275636812
17300267439
17303356665
17303496356
17316185931
17322986205
17402818613
17406721544
17408829551
17413901700
17499246177
17538739387
17551598008
17610400424
17615643095
17724425570
17732623179
17733863550
17742044280
17753115857
17765090971
17765935118
17800533914
17802801928
17808683747
17812265249
17816549739
17845309196
17864978833
17869835760
17873282858
17879722105
17886459939
17899194182
17976589795
17978181950
17999122669
18006759507
18024711331
18066218629
18229898065
18253903536
18295642011
18379405776
18384960297
18427019617
18499110273
18548197727
18548792941
18625153882
18631022781
18639667146
18643632940
18678269316
18690678834
18755773862
18810337225
18889955679
18893037146
18904543588
18921666371
18966468606
18972170530
18978021513
18998937893
19047866521
19094518469
19119628746
19129815786
19146320216
19166375262
19181012910
19197930953
19235529978
19271223772
19320449453
19333996353
19347253523
19360908677
19395810345
19411886377
19439986655
19448950695
19497268448
19575511504
19584964541
19603044637
19643844729
19653680179
19673123481
19676709820
19692722137
19720684022
19725546381
19747117976
19776098646
19785392912
19786099062
19800150497
19805752934
19854458475
19865792448
19867133072
19875569991
19876095662
19883711060
19944915386
19958924985
