13000000058
13000000065
13000000096
13000000162
13000000189
13000000201
13000000213
13000000229
13000000306
13000000312
13000000323
13000000324
13000000330
13000000342
13000000343
13000000390
13000000447
13000000456
13000000469
13000000523
13000000537
13000000556
13000000580
13000000594
13000000629
13000000653
13000000670
13000000682
13000000718
13000000770
13000000810
13000000814
13000000822
13000000838
13000000850
13000000872
13000000922
13000000946
13000000958
13000000961
13000001014
13000001018
13000001028
13000001029
13000001040
13000001062
13000001110
13000001117
13000001148
13000001176
13000001209
13000001214
13000001215
13000001216
13000001256
13000001281
13000001284
13000001287
13000001311
13000001362
13000001369
13000001388
13000001393
13000001446
13000001493
13000001505
13000001508
13000001509
13000001525
13000001591
13000001658
13000001698
13000001735
13000001740
13000001784
13000001802
13000001815
13000001823
13000001850
13000001868
13000001945
13000001958
13000001974
13000001998
13000002035
13000002094
13000002109
13000002120
13000002123
13000002128
13000002138
13000002165
13000002209
13000002274
13000002279
13000002283
13000002303
13000002312
13000002343
13000002353
13000002390
13000002397
13000002406
13000002446
13000002463
13000002464
13000002474
13000002486
13000002510
13000002519
13000002526
13000002533
13000002549
13000002586
13000002633
13000002666
13000002688
13000002722
13000002736
13000002738
13000002751
13000002754
13000002799
13000002874
13000002894
13000002907
13000002988
13000002995
13000003031
13000003051
13000003101
13000003106
13000003168
13000003172
13000003224
13000003232
13000003240
13000003243
13000003262
13000003263
13000003266
13000003276
13000003293
13000003333
13000003352
13000003410
13000003424
13000003442
13000003464
13000003475
13000003518
13000003531
13000003532
13000003538
13000003546
13000003581
13000003606
13000003616
13000003619
13000003628
13000003638
13000003641
13000003667
13000003695
13000003701
13000003703
13000003714
13000003814
13000003862
13000003896
13000003920
13000003965
13000003967
13000003979
13000004012
13000004040
13000004060
13000004068
13000004097
13000004107
13000004108
13000004163
13000004169
13000004171
13000004191
13000004240
13000004296
13000004314
13000004320
13000004326
13000004337
13000004372
13000004406
13000004413
13000004434
13000004453
13000004478
13000004502
13000004516
13000004548
13000004557
13000004561
13000004591
13000004625
13000004646
13000004663
13000004675
13000004695
13000004718
13000004729
13000004764
13000004779
13000004866
13000004871
13000004885
13000004889
13000004918
13000004975
13000004991
13000005010
13000005011
13000005057
13000005076
13000005102
13000005154
13000005206
13000005210
13000005246
13000005301
13000005346
13000005388
13000005435
13000005452
13000005457
13000005477
13000005508
13000005522
13000005564
13000005568
13000005573
13000005574
13000005593
13000005599
13000005628
13000005641
13000005649
13000005660
13000005680
13000005692
13000005695
13000005707
13000005712
13000005727
13000005755
13000005759
13000005760
13000005802
13000005899
13000005902
13000005924
13000005977
13000006035
13000006046
13000006085
13000006107
13000006113
13000006132
13000006161
13000006164
13000006165
13000006172
13000006179
13000006246
13000006249
13000006255
13000006260
13000006320
13000006359
13000006367
13000006413
13000006418
13000006516
13000006523
13000006527
13000006528
13000006536
13000006545
13000006558
13000006559
13000006583
13000006585
13000006592
13000006596
13000006598
13000006614
13000006632
13000006639
13000006643
13000006648
13000006653
13000006657
13000006658
13000006723
13000006724
13000006739
13000006747
13000006758
13000006799
13000006913
13000006935
13000006961
13000007041
13000007043
13000007079
13000007141
13000007150
13000007177
13000007178
13000007247
13000007251
13000007257
13000007261
13000007284
13000007302
13000007364
13000007412
13000007481
13000007484
13000007496
13000007504
13000007550
13000007556
13000007565
13000007582
13000007617
13000007658
13000007681
13000007688
13000007702
13000007719
13000007727
13000007744
13000007771
13000007795
13000007804
13000007837
13000007853
13000007860
13000007874
13000007907
13000007923
13000007947
13000007954
13000007990
13000008047
13000008052
13000008069
13000008115
13000008123
13000008136
13000008140
13000008156
13000008172
13000008178
13000008191
13000008217
13000008230
13000008231
13000008239
13000008243
13000008291
13000008299
13000008300
13000008308
13000008309
13000008319
13000008367
13000008374
